3,2
3,1
3,3
10,134
10,253
10,25
10,241
10,292
10,147
10,270
11,29
11,15
11,6
11,12
11,16
9,7
8,14
8,11
8,18
8,12
0,467
12,2
12,1
12,3
18,1
18,3
14,1
14,5
14,3
13,1
13,3
2,2
2,1
2,3
259,3
259,1
257,3
257,1
256,3
256,1
254,3
254,1
245,3
245,1
233,4
233,3
233,1
232,3
232,1
227,4
227,3
227,1
215,4
215,3
215,1
210,3
210,1
207,4
207,3
207,1
202,3
202,1
197,3
197,1
193,3
193,1
191,3
191,1
188,3
188,1
182,3
182,1
178,3
178,1
165,3
165,1
161,3
161,1
160,3
160,1
157,3
157,1
152,4
152,3
152,1
151,3
151,1
133,3
133,1
126,3
126,1
125,4
125,3
125,1
121,3
121,1
106,3
106,1
105,3
105,1
99,3
99,1
98,3
98,1
93,3
93,1
92,4
92,1
77,3
77,1
72,3
72,1
42,3
42,1
20,3
20,2
20,1
19,3
19,2
19,1
11,30
11,27
